             o  ,    o  ,                                 MEMPHIS, TENNESSEE                           Astronomical Applications Dept.
Location: W089 59, N35 07                          Rise and Set for the Sun for 2018                   U. S. Naval Observatory        
                                                                                                       Washington, DC  20392-5420     
                                                         Central Standard Time                                                        
                                                                                                                                      
                                                                                                                                      
       Jan.       Feb.       Mar.       Apr.       May        June       July       Aug.       Sept.      Oct.       Nov.       Dec.  
Day Rise  Set  Rise  Set  Rise  Set  Rise  Set  Rise  Set  Rise  Set  Rise  Set  Rise  Set  Rise  Set  Rise  Set  Rise  Set  Rise  Set
     h m  h m   h m  h m   h m  h m   h m  h m   h m  h m   h m  h m   h m  h m   h m  h m   h m  h m   h m  h m   h m  h m   h m  h m
01  0708 1659  0659 1729  0629 1756  0547 1821  0509 1846  0447 1909  0449 1918  0509 1903  0533 1827  0555 1744  0621 1705  0650 1648
02  0708 1700  0658 1730  0628 1757  0545 1822  0508 1847  0447 1910  0450 1918  0510 1902  0533 1825  0556 1742  0622 1704  0651 1648
03  0709 1701  0657 1731  0627 1757  0544 1823  0507 1847  0446 1910  0450 1918  0511 1901  0534 1824  0556 1741  0623 1704  0652 1648
04  0709 1701  0657 1732  0625 1758  0543 1824  0506 1848  0446 1911  0451 1918  0511 1900  0535 1822  0557 1740  0624 1703  0653 1648
05  0709 1702  0656 1733  0624 1759  0541 1825  0505 1849  0446 1911  0451 1918  0512 1859  0536 1821  0558 1738  0625 1702  0653 1648
06  0709 1703  0655 1734  0623 1800  0540 1825  0504 1850  0446 1912  0452 1917  0513 1858  0536 1820  0559 1737  0626 1701  0654 1648
07  0709 1704  0654 1735  0622 1801  0538 1826  0503 1851  0446 1912  0452 1917  0514 1857  0537 1818  0559 1735  0627 1700  0655 1648
08  0709 1705  0653 1736  0620 1802  0537 1827  0502 1851  0445 1913  0453 1917  0515 1856  0538 1817  0600 1734  0628 1659  0656 1648
09  0709 1706  0652 1737  0619 1803  0536 1828  0501 1852  0445 1913  0453 1917  0515 1855  0538 1815  0601 1733  0629 1658  0657 1648
10  0709 1707  0651 1738  0617 1803  0534 1829  0500 1853  0445 1914  0454 1916  0516 1854  0539 1814  0602 1731  0630 1658  0657 1648
11  0709 1708  0650 1739  0616 1804  0533 1829  0459 1854  0445 1914  0455 1916  0517 1853  0540 1813  0603 1730  0631 1657  0658 1648
12  0708 1709  0649 1740  0615 1805  0532 1830  0459 1855  0445 1915  0455 1916  0518 1852  0541 1811  0604 1729  0632 1656  0659 1649
13  0708 1710  0648 1741  0613 1806  0530 1831  0458 1855  0445 1915  0456 1915  0518 1851  0541 1810  0604 1727  0633 1655  0700 1649
14  0708 1710  0647 1742  0612 1807  0529 1832  0457 1856  0445 1915  0456 1915  0519 1850  0542 1808  0605 1726  0634 1655  0700 1649
15  0708 1711  0646 1743  0611 1808  0528 1833  0456 1857  0445 1916  0457 1914  0520 1848  0543 1807  0606 1725  0635 1654  0701 1649
16  0707 1712  0645 1744  0609 1808  0527 1833  0455 1858  0445 1916  0458 1914  0521 1847  0544 1805  0607 1724  0636 1654  0702 1650
17  0707 1713  0644 1745  0608 1809  0525 1834  0455 1859  0445 1916  0458 1914  0521 1846  0544 1804  0608 1722  0637 1653  0702 1650
18  0707 1714  0643 1746  0606 1810  0524 1835  0454 1859  0446 1917  0459 1913  0522 1845  0545 1802  0609 1721  0638 1652  0703 1651
19  0706 1715  0642 1746  0605 1811  0523 1836  0453 1900  0446 1917  0500 1912  0523 1844  0546 1801  0609 1720  0639 1652  0703 1651
20  0706 1716  0640 1747  0604 1812  0522 1837  0453 1901  0446 1917  0500 1912  0524 1842  0547 1800  0610 1719  0640 1651  0704 1651
21  0706 1717  0639 1748  0602 1813  0520 1838  0452 1902  0446 1918  0501 1911  0524 1841  0547 1758  0611 1717  0641 1651  0704 1652
22  0705 1718  0638 1749  0601 1813  0519 1838  0451 1902  0446 1918  0502 1911  0525 1840  0548 1757  0612 1716  0642 1650  0705 1652
23  0705 1719  0637 1750  0559 1814  0518 1839  0451 1903  0447 1918  0503 1910  0526 1839  0549 1755  0613 1715  0642 1650  0705 1653
24  0704 1720  0636 1751  0558 1815  0517 1840  0450 1904  0447 1918  0503 1909  0527 1837  0549 1754  0614 1714  0643 1650  0706 1654
25  0704 1721  0634 1752  0557 1816  0516 1841  0450 1904  0447 1918  0504 1909  0527 1836  0550 1752  0615 1713  0644 1649  0706 1654
26  0703 1722  0633 1753  0555 1817  0514 1842  0449 1905  0448 1918  0505 1908  0528 1835  0551 1751  0616 1712  0645 1649  0707 1655
27  0702 1723  0632 1754  0554 1817  0513 1842  0449 1906  0448 1918  0505 1907  0529 1833  0552 1749  0617 1711  0646 1649  0707 1655
28  0702 1725  0631 1755  0552 1818  0512 1843  0448 1906  0448 1918  0506 1906  0530 1832  0552 1748  0617 1710  0647 1649  0707 1656
29  0701 1726  0000 0000  0551 1819  0511 1844  0448 1907  0449 1918  0507 1905  0530 1831  0553 1747  0618 1708  0648 1648  0708 1657
30  0700 1727  0000 0000  0550 1820  0510 1845  0448 1908  0449 1918  0508 1905  0531 1829  0554 1745  0619 1707  0649 1648  0708 1657
31  0700 1728  0000 0000  0548 1821  0000 0000  0447 1908  0000 0000  0508 1904  0532 1828  0000 0000  0620 1706  0000 0000  0708 1658